FileVersion 1 2;
ResultTimestamp 08-18-2023 16:19:42;
TiffSpec 6.0 G R;
InspectionStationID "ATI" "WIND" "";
SampleType WAFER;
FileTimestamp 08-18-2023 16:19:42;
LotID "LotID-CassetteID";
SampleSize 1 300;
SetupID "Recipe" 08-18-23 16:19:42;
StepID "Recipe";
SampleOrientationMarkType NOTCH;
OrientationMarkLocation DOWN;
TiffFilename Recipe_CassetteID_00-1.tif;
DiePitch 3.963000e+003 1.669000e+003;
DieOrigin 0.000000e+000 0.000000e+000;
WaferID "";
Slot 01;
SampleCenterLocation 3.963000e+003 0.000000e+000;
InspectionTest 1;
SampleTestPlan 784
-1 24
0 24
1 24
2 24
-3 23
-2 23
-1 23
0 23
1 23
2 23
3 23
-4 22
-3 22
-2 22
-1 22
0 22
1 22
2 22
3 22
4 22
-4 21
-3 21
-2 21
-1 21
0 21
1 21
2 21
3 21
4 21
5 21
-5 20
-4 20
-3 20
-2 20
-1 20
0 20
1 20
2 20
3 20
4 20
5 20
6 20
-6 19
-5 19
-4 19
-3 19
-2 19
-1 19
0 19
1 19
2 19
3 19
4 19
5 19
6 19
-6 18
-5 18
-4 18
-3 18
-2 18
-1 18
0 18
1 18
2 18
3 18
4 18
5 18
6 18
7 18
-6 17
-5 17
-4 17
-3 17
-2 17
-1 17
0 17
1 17
2 17
3 17
4 17
5 17
6 17
7 17
-7 16
-6 16
-5 16
-4 16
-3 16
-2 16
-1 16
0 16
1 16
2 16
3 16
4 16
5 16
6 16
7 16
8 16
-7 15
-6 15
-5 15
-4 15
-3 15
-2 15
-1 15
0 15
1 15
2 15
3 15
4 15
5 15
6 15
7 15
8 15
-7 14
-6 14
-5 14
-4 14
-3 14
-2 14
-1 14
0 14
1 14
2 14
3 14
4 14
5 14
6 14
7 14
8 14
-8 13
-7 13
-6 13
-5 13
-4 13
-3 13
-2 13
-1 13
0 13
1 13
2 13
3 13
4 13
5 13
6 13
7 13
8 13
9 13
-8 12
-7 12
-6 12
-5 12
-4 12
-3 12
-2 12
-1 12
0 12
1 12
2 12
3 12
4 12
5 12
6 12
7 12
8 12
9 12
-8 11
-7 11
-6 11
-5 11
-4 11
-3 11
-2 11
-1 11
0 11
1 11
2 11
3 11
4 11
5 11
6 11
7 11
8 11
9 11
-8 10
-7 10
-6 10
-5 10
-4 10
-3 10
-2 10
-1 10
0 10
1 10
2 10
3 10
4 10
5 10
6 10
7 10
8 10
9 10
-9 9
-8 9
-7 9
-6 9
-5 9
-4 9
-3 9
-2 9
-1 9
0 9
1 9
2 9
3 9
4 9
5 9
6 9
7 9
8 9
9 9
10 9
-9 8
-8 8
-7 8
-6 8
-5 8
-4 8
-3 8
-2 8
-1 8
0 8
1 8
2 8
3 8
4 8
5 8
6 8
7 8
8 8
9 8
10 8
-9 7
-8 7
-7 7
-6 7
-5 7
-4 7
-3 7
-2 7
-1 7
0 7
1 7
2 7
3 7
4 7
5 7
6 7
7 7
8 7
9 7
10 7
-9 6
-8 6
-7 6
-6 6
-5 6
-4 6
-3 6
-2 6
-1 6
0 6
1 6
2 6
3 6
4 6
5 6
6 6
7 6
8 6
9 6
10 6
-9 5
-8 5
-7 5
-6 5
-5 5
-4 5
-3 5
-2 5
-1 5
0 5
1 5
2 5
3 5
4 5
5 5
6 5
7 5
8 5
9 5
10 5
-9 4
-8 4
-7 4
-6 4
-5 4
-4 4
-3 4
-2 4
-1 4
0 4
1 4
2 4
3 4
4 4
5 4
6 4
7 4
8 4
9 4
10 4
-9 3
-8 3
-7 3
-6 3
-5 3
-4 3
-3 3
-2 3
-1 3
0 3
1 3
2 3
3 3
4 3
5 3
6 3
7 3
8 3
9 3
10 3
-9 2
-8 2
-7 2
-6 2
-5 2
-4 2
-3 2
-2 2
-1 2
0 2
1 2
2 2
3 2
4 2
5 2
6 2
7 2
8 2
9 2
10 2
-9 1
-8 1
-7 1
-6 1
-5 1
-4 1
-3 1
-2 1
-1 1
0 1
1 1
2 1
3 1
4 1
5 1
6 1
7 1
8 1
9 1
10 1
-9 0
-8 0
-7 0
-6 0
-5 0
-4 0
-3 0
-2 0
-1 0
0 0
1 0
2 0
3 0
4 0
5 0
6 0
7 0
8 0
9 0
10 0
-9 -1
-8 -1
-7 -1
-6 -1
-5 -1
-4 -1
-3 -1
-2 -1
-1 -1
0 -1
1 -1
2 -1
3 -1
4 -1
5 -1
6 -1
7 -1
8 -1
9 -1
10 -1
-9 -2
-8 -2
-7 -2
-6 -2
-5 -2
-4 -2
-3 -2
-2 -2
-1 -2
0 -2
1 -2
2 -2
3 -2
4 -2
5 -2
6 -2
7 -2
8 -2
9 -2
10 -2
-9 -3
-8 -3
-7 -3
-6 -3
-5 -3
-4 -3
-3 -3
-2 -3
-1 -3
0 -3
1 -3
2 -3
3 -3
4 -3
5 -3
6 -3
7 -3
8 -3
9 -3
10 -3
-9 -4
-8 -4
-7 -4
-6 -4
-5 -4
-4 -4
-3 -4
-2 -4
-1 -4
0 -4
1 -4
2 -4
3 -4
4 -4
5 -4
6 -4
7 -4
8 -4
9 -4
10 -4
-9 -5
-8 -5
-7 -5
-6 -5
-5 -5
-4 -5
-3 -5
-2 -5
-1 -5
0 -5
1 -5
2 -5
3 -5
4 -5
5 -5
6 -5
7 -5
8 -5
9 -5
10 -5
-9 -6
-8 -6
-7 -6
-6 -6
-5 -6
-4 -6
-3 -6
-2 -6
-1 -6
0 -6
1 -6
2 -6
3 -6
4 -6
5 -6
6 -6
7 -6
8 -6
9 -6
10 -6
-8 -7
-7 -7
-6 -7
-5 -7
-4 -7
-3 -7
-2 -7
-1 -7
0 -7
1 -7
2 -7
3 -7
4 -7
5 -7
6 -7
7 -7
8 -7
9 -7
-8 -8
-7 -8
-6 -8
-5 -8
-4 -8
-3 -8
-2 -8
-1 -8
0 -8
1 -8
2 -8
3 -8
4 -8
5 -8
6 -8
7 -8
8 -8
9 -8
-8 -9
-7 -9
-6 -9
-5 -9
-4 -9
-3 -9
-2 -9
-1 -9
0 -9
1 -9
2 -9
3 -9
4 -9
5 -9
6 -9
7 -9
8 -9
9 -9
-8 -10
-7 -10
-6 -10
-5 -10
-4 -10
-3 -10
-2 -10
-1 -10
0 -10
1 -10
2 -10
3 -10
4 -10
5 -10
6 -10
7 -10
8 -10
9 -10
-8 -11
-7 -11
-6 -11
-5 -11
-4 -11
-3 -11
-2 -11
-1 -11
0 -11
1 -11
2 -11
3 -11
4 -11
5 -11
6 -11
7 -11
8 -11
9 -11
-8 -12
-7 -12
-6 -12
-5 -12
-4 -12
-3 -12
-2 -12
-1 -12
0 -12
1 -12
2 -12
3 -12
4 -12
5 -12
6 -12
7 -12
8 -12
9 -12
-7 -13
-6 -13
-5 -13
-4 -13
-3 -13
-2 -13
-1 -13
0 -13
1 -13
2 -13
3 -13
4 -13
5 -13
6 -13
7 -13
8 -13
9 -13
-7 -14
-6 -14
-5 -14
-4 -14
-3 -14
-2 -14
-1 -14
0 -14
1 -14
2 -14
3 -14
4 -14
5 -14
6 -14
7 -14
8 -14
-7 -15
-6 -15
-5 -15
-4 -15
-3 -15
-2 -15
-1 -15
0 -15
1 -15
2 -15
3 -15
4 -15
5 -15
6 -15
7 -15
8 -15
-6 -16
-5 -16
-4 -16
-3 -16
-2 -16
-1 -16
0 -16
1 -16
2 -16
3 -16
4 -16
5 -16
6 -16
7 -16
-6 -17
-5 -17
-4 -17
-3 -17
-2 -17
-1 -17
0 -17
1 -17
2 -17
3 -17
4 -17
5 -17
6 -17
7 -17
-6 -18
-5 -18
-4 -18
-3 -18
-2 -18
-1 -18
0 -18
1 -18
2 -18
3 -18
4 -18
5 -18
6 -18
7 -18
-5 -19
-4 -19
-3 -19
-2 -19
-1 -19
0 -19
1 -19
2 -19
3 -19
4 -19
5 -19
6 -19
7 -19
-5 -20
-4 -20
-3 -20
-2 -20
-1 -20
0 -20
1 -20
2 -20
3 -20
4 -20
5 -20
6 -20
-4 -21
-3 -21
-2 -21
-1 -21
0 -21
1 -21
2 -21
3 -21
4 -21
5 -21
-3 -22
-2 -22
-1 -22
0 -22
1 -22
2 -22
3 -22
4 -22
5 -22
-3 -23
-2 -23
-1 -23
0 -23
1 -23
2 -23
3 -23
4 -23
-2 -24
-1 -24
0 -24
1 -24
2 -24
3 -24
4 -24
0 -25
1 -25
2 -25;
AreaPerTest 5.185570e+009;
DefectRecordSpec 17 DEFECTID XREL YREL XINDEX YINDEX XSIZE YSIZE DEFECTAREA DSIZE CLASSNUMBER TEST CLUSTERNUMBER ROUGHBINNUMBER FINEBINNUMBER REVIEWSAMPLE IMAGECOUNT IMAGELIST;
DefectList
1 6.740000e+002 8.450000e+001 -9 9 4 9 0 36 0 1 0 0 0 0 1 1
1 0
2 2.141000e+003 1.064000e+003 -9 7 4 2 0 8 0 1 0 0 0 0 1 1
2 0
3 2.665000e+003 7.170000e+002 -9 7 2 2 0 4 0 1 0 0 0 0 1 1
3 0
4 3.463500e+003 8.290000e+002 -9 3 5 4 0 20 0 1 0 0 0 0 1 1
4 0
5 2.173500e+003 1.261500e+003 -9 0 159 93 0 14787 0 1 0 0 0 0 1 1
5 0
6 1.116500e+003 1.011500e+003 -9 -3 3 3 0 9 0 1 0 0 0 0 1 1
6 0
7 3.754000e+003 7.130000e+002 -9 -3 8 8 0 64 0 1 0 0 0 0 1 1
7 0
8 2.770500e+003 1.542000e+003 -9 -4 3 2 0 6 0 1 0 0 0 0 1 1
8 0
9 4.330000e+002 1.151000e+003 -9 -4 16 20 0 320 0 1 0 0 0 0 1 1
9 0
10 3.604500e+003 8.865000e+002 -9 -6 5 7 0 35 0 1 0 0 0 0 1 1
10 0
11 5.875000e+002 1.603500e+003 -8 9 7 3 0 21 0 1 0 0 0 0 1 1
11 0
12 1.543000e+003 1.497000e+003 -8 9 2 2 0 4 0 1 0 0 0 0 1 1
12 0
13 2.159500e+003 5.095000e+002 -8 13 5 5 0 25 0 1 0 0 0 0 1 1
13 0
14 7.850000e+002 2.985000e+002 -8 13 6 7 0 42 0 1 0 0 0 0 1 1
14 0
15 2.858500e+003 1.589500e+003 -8 2 7 7 0 49 0 1 0 0 0 0 1 1
15 0
16 7.985000e+002 1.439500e+003 -8 1 25 9 0 225 0 1 0 0 0 0 1 1
16 0
17 3.823500e+003 1.597000e+003 -8 0 15 10 0 150 0 1 0 0 0 0 1 1
17 0
18 2.448500e+003 1.234000e+003 -8 0 9 10 0 90 0 1 0 0 0 0 1 1
18 0
19 3.311000e+003 1.321000e+003 -8 -1 82 62 0 5084 0 1 0 0 0 0 1 1
19 0
20 3.034500e+003 8.250000e+001 -8 -2 7 7 0 49 0 1 0 0 0 0 1 1
20 0
21 3.102500e+003 1.408500e+003 -8 -6 5 5 0 25 0 1 0 0 0 0 1 1
21 0
22 4.810000e+002 1.202000e+003 -8 -7 14 6 0 84 0 1 0 0 0 0 1 1
22 0
23 2.574500e+003 1.199000e+003 -8 -9 11 6 0 66 0 1 0 0 0 0 1 1
23 0
24 4.380000e+002 8.900000e+002 -8 -9 18 10 0 180 0 1 0 0 0 0 1 1
24 0
25 1.705000e+003 1.178500e+003 -8 -11 4 3 0 12 0 1 0 0 0 0 1 1
25 0
26 9.375000e+002 1.014000e+003 -7 11 3 6 0 18 0 1 0 0 0 0 1 1
26 0
27 7.360000e+002 4.055000e+002 -7 11 12 9 0 108 0 1 0 0 0 0 1 1
27 0
28 1.384000e+003 6.785000e+002 -7 13 2 3 0 6 0 1 0 0 0 0 1 1
28 0
29 3.105000e+003 1.009000e+003 -7 14 2 2 0 4 0 1 0 0 0 0 1 1
29 0
30 1.937000e+003 4.450000e+002 -7 15 2 2 0 4 0 1 0 0 0 0 1 1
30 0
31 3.691500e+003 1.585000e+002 -7 15 15 17 0 255 0 1 0 0 0 0 1 1
31 0
32 3.314500e+003 1.407000e+003 -7 16 11 10 0 110 0 1 0 0 0 0 1 1
32 0
33 2.922500e+003 2.190000e+002 -7 16 3 4 0 12 0 1 0 0 0 0 1 1
33 0
34 2.467500e+003 7.970000e+002 -7 4 19 16 0 304 0 1 0 0 0 0 1 1
34 0
35 1.855000e+002 9.405000e+002 -7 -1 7 11 0 77 0 1 0 0 0 0 1 1
35 0
36 3.781000e+003 1.224000e+003 -7 -4 8 8 0 64 0 1 0 0 0 0 1 1
36 0
37 1.213500e+003 3.740000e+002 -7 -4 9 10 0 90 0 1 0 0 0 0 1 1
37 0
38 2.934500e+003 1.119500e+003 -7 -5 3 3 0 9 0 1 0 0 0 0 1 1
38 0
39 3.442000e+003 1.580000e+002 -7 -7 2 2 0 4 0 1 0 0 0 0 1 1
39 0
40 9.130000e+002 1.057500e+003 -7 -13 2 3 0 6 0 1 0 0 0 0 1 1
40 0
41 2.459000e+003 1.423500e+003 -7 -14 10 9 0 90 0 1 0 0 0 0 1 1
41 0
42 1.210000e+002 1.500000e+002 -6 9 4 4 0 16 0 1 0 0 0 0 1 1
42 0
43 4.060000e+002 1.503000e+003 -6 12 2 2 0 4 0 1 0 0 0 0 1 1
43 0
44 1.396500e+003 1.247000e+003 -6 13 49 50 0 2450 0 1 0 0 0 0 1 1
44 0
45 2.865500e+003 3.565000e+002 -6 13 11 5 0 55 0 1 0 0 0 0 1 1
45 0
46 1.788500e+003 1.502500e+003 -6 14 3 3 0 9 0 1 0 0 0 0 1 1
46 0
47 1.499000e+003 6.865000e+002 -6 14 10 7 0 70 0 1 0 0 0 0 1 1
47 0
48 3.318500e+003 7.700000e+002 -6 15 3 4 0 12 0 1 0 0 0 0 1 1
48 0
49 1.836000e+003 6.550000e+001 -6 15 8 5 0 40 0 1 0 0 0 0 1 1
49 0
50 2.812500e+003 4.460000e+002 -6 16 3 2 0 6 0 1 0 0 0 0 1 1
50 0
51 3.444000e+003 1.377000e+003 -6 19 8 8 0 64 0 1 0 0 0 0 1 1
51 0
52 1.365000e+003 8.135000e+002 -6 19 6 5 0 30 0 1 0 0 0 0 1 1
52 0
53 8.335000e+002 6.735000e+002 -6 19 17 13 0 221 0 1 0 0 0 0 1 1
53 0
54 1.560000e+003 1.613000e+003 -6 8 2 2 0 4 0 1 0 0 0 0 1 1
54 0
55 2.579500e+003 1.380000e+003 -6 8 5 8 0 40 0 1 0 0 0 0 1 1
55 0
56 5.040000e+002 1.448500e+003 -6 7 26 27 0 702 0 1 0 0 0 0 1 1
56 0
57 3.031500e+003 7.345000e+002 -6 5 13 19 0 247 0 1 0 0 0 0 1 1
57 0
58 8.985000e+002 1.462500e+003 -6 2 7 7 0 49 0 1 0 0 0 0 1 1
58 0
59 5.900000e+002 1.119000e+003 -6 0 10 8 0 80 0 1 0 0 0 0 1 1
59 0
60 3.360500e+003 9.545000e+002 -6 0 15 15 0 225 0 1 0 0 0 0 1 1
60 0
61 2.872000e+003 1.563500e+003 -6 -2 4 3 0 12 0 1 0 0 0 0 1 1
61 0
62 3.314000e+003 1.215000e+003 -6 -3 4 4 0 16 0 1 0 0 0 0 1 1
62 0
63 4.575000e+002 1.125500e+003 -6 -4 11 3 0 33 0 1 0 0 0 0 1 1
63 0
64 3.545000e+003 1.980000e+002 -6 -6 2 2 0 4 0 1 0 0 0 0 1 1
64 0
65 8.955000e+002 3.795000e+002 -6 -8 3 3 0 9 0 1 0 0 0 0 1 1
65 0
66 1.450000e+003 8.810000e+002 -6 -9 10 14 0 140 0 1 0 0 0 0 1 1
66 0
67 1.769500e+003 3.805000e+002 -6 -9 17 15 0 255 0 1 0 0 0 0 1 1
67 0
68 3.848500e+003 6.855000e+002 -6 -11 17 17 0 289 0 1 0 0 0 0 1 1
68 0
69 3.645000e+002 1.441000e+003 -6 -13 45 70 0 3150 0 1 0 0 0 0 1 1
69 0
70 3.217000e+003 1.173000e+003 -6 -14 6 10 0 60 0 1 0 0 0 0 1 1
70 0
71 3.099500e+003 1.318500e+003 -5 9 33 35 0 1155 0 1 0 0 0 0 1 1
71 0
72 1.820500e+003 1.364500e+003 -5 11 3 3 0 9 0 1 0 0 0 0 1 1
72 0
73 9.750000e+002 3.250000e+002 -5 11 2 2 0 4 0 1 0 0 0 0 1 1
73 0
74 2.734500e+003 1.525500e+003 -5 15 3 5 0 15 0 1 0 0 0 0 1 1
74 0
75 2.890500e+003 7.460000e+002 -5 16 7 4 0 28 0 1 0 0 0 0 1 1
75 0
76 3.499500e+003 1.331500e+003 -5 18 3 3 0 9 0 1 0 0 0 0 1 1
76 0
77 3.528500e+003 1.560500e+003 -5 19 7 3 0 21 0 1 0 0 0 0 1 1
77 0
78 2.110000e+003 6.030000e+002 -5 4 2 2 0 4 0 1 0 0 0 0 1 1
78 0
79 3.529500e+003 8.200000e+001 -5 2 3 4 0 12 0 1 0 0 0 0 1 1
79 0
80 2.674500e+003 7.530000e+002 -5 0 7 10 0 70 0 1 0 0 0 0 1 1
80 0
81 7.675000e+002 1.132500e+003 -5 -1 47 25 0 1175 0 1 0 0 0 0 1 1
81 0
82 1.585500e+003 8.105000e+002 -5 -9 3 3 0 9 0 1 0 0 0 0 1 1
82 0
83 3.662000e+003 9.000000e+001 -5 -9 12 8 0 96 0 1 0 0 0 0 1 1
83 0
84 1.449000e+003 1.599000e+003 -5 -14 2 6 0 12 0 1 0 0 0 0 1 1
84 0
85 3.110500e+003 9.530000e+002 -5 -14 3 4 0 12 0 1 0 0 0 0 1 1
85 0
86 2.443000e+003 1.172000e+003 -5 -18 6 6 0 36 0 1 0 0 0 0 1 1
86 0
87 3.389000e+003 1.391500e+003 -5 -19 4 9 0 36 0 1 0 0 0 0 1 1
87 0
88 9.105000e+002 9.460000e+002 -5 -20 7 6 0 42 0 1 0 0 0 0 1 1
88 0
89 2.923500e+003 1.605000e+003 -4 9 5 4 0 20 0 1 0 0 0 0 1 1
89 0
90 1.830500e+003 1.464500e+003 -4 10 21 15 0 315 0 1 0 0 0 0 1 1
90 0
91 4.455000e+002 8.655000e+002 -4 12 7 7 0 49 0 1 0 0 0 0 1 1
91 0
92 8.365000e+002 1.522500e+003 -4 13 3 5 0 15 0 1 0 0 0 0 1 1
92 0
93 2.649000e+003 1.254000e+003 -4 14 2 2 0 4 0 1 0 0 0 0 1 1
93 0
94 1.848500e+003 1.084000e+003 -4 18 7 4 0 28 0 1 0 0 0 0 1 1
94 0
95 7.990000e+002 6.525000e+002 -4 19 4 3 0 12 0 1 0 0 0 0 1 1
95 0
96 1.392000e+003 1.256000e+003 -4 8 2 2 0 4 0 1 0 0 0 0 1 1
96 0
97 2.579500e+003 3.090000e+002 -4 8 3 6 0 18 0 1 0 0 0 0 1 1
97 0
98 1.495000e+003 5.520000e+002 -4 6 8 8 0 64 0 1 0 0 0 0 1 1
98 0
99 3.412000e+003 9.185000e+002 -4 5 10 5 0 50 0 1 0 0 0 0 1 1
99 0
100 1.431000e+003 1.363000e+003 -4 2 8 6 0 48 0 1 0 0 0 0 1 1
100 0
101 5.970000e+002 2.395000e+002 -4 1 4 3 0 12 0 1 0 0 0 0 1 1
101 0
102 7.060000e+002 1.315000e+002 -4 -4 4 3 0 12 0 1 0 0 0 0 1 1
102 0
103 1.251500e+003 3.875000e+002 -4 -9 5 3 0 15 0 1 0 0 0 0 1 1
103 0
104 2.806000e+003 3.510000e+002 -4 -15 4 4 0 16 0 1 0 0 0 0 1 1
104 0
105 1.390000e+002 6.875000e+002 -4 -19 4 3 0 12 0 1 0 0 0 0 1 1
105 0
106 1.186000e+003 1.627000e+003 -3 9 6 6 0 36 0 1 0 0 0 0 1 1
106 0
107 1.337500e+003 6.105000e+002 -3 9 5 3 0 15 0 1 0 0 0 0 1 1
107 0
108 1.523500e+003 9.150000e+001 -3 12 3 3 0 9 0 1 0 0 0 0 1 1
108 0
109 1.775500e+003 8.980000e+002 -3 13 9 16 0 144 0 1 0 0 0 0 1 1
109 0
110 2.779500e+003 1.392500e+003 -3 16 3 3 0 9 0 1 0 0 0 0 1 1
110 0
111 2.146500e+003 8.100000e+001 -3 16 11 8 0 88 0 1 0 0 0 0 1 1
111 0
112 1.563500e+003 6.365000e+002 -3 17 13 7 0 91 0 1 0 0 0 0 1 1
112 0
113 2.087500e+003 5.515000e+002 -3 19 3 3 0 9 0 1 0 0 0 0 1 1
113 0
114 3.704500e+003 4.490000e+002 -3 19 17 20 0 340 0 1 0 0 0 0 1 1
114 0
115 5.015000e+002 1.242000e+003 -3 20 17 8 0 136 0 1 0 0 0 0 1 1
115 0
116 1.719500e+003 4.735000e+002 -3 20 3 9 0 27 0 1 0 0 0 0 1 1
116 0
117 6.230000e+002 2.135000e+002 -3 21 4 5 0 20 0 1 0 0 0 0 1 1
117 0
118 1.065000e+003 6.820000e+002 -3 23 4 8 0 32 0 1 0 0 0 0 1 1
118 0
119 1.284000e+003 5.360000e+002 -3 7 2 2 0 4 0 1 0 0 0 0 1 1
119 0
120 3.715000e+003 7.020000e+002 -3 4 60 44 0 2640 0 1 0 0 0 0 1 1
120 0
121 1.791000e+003 6.375000e+002 -3 4 6 5 0 30 0 1 0 0 0 0 1 1
121 0
122 2.991000e+003 1.467000e+003 -3 1 8 6 0 48 0 1 0 0 0 0 1 1
122 0
123 1.493000e+003 1.334500e+003 -3 1 4 3 0 12 0 1 0 0 0 0 1 1
123 0
124 3.612000e+003 6.570000e+002 -3 1 6 10 0 60 0 1 0 0 0 0 1 1
124 0
125 3.232500e+003 1.002500e+003 -3 -2 3 3 0 9 0 1 0 0 0 0 1 1
125 0
126 1.770000e+002 1.252500e+003 -3 -3 4 3 0 12 0 1 0 0 0 0 1 1
126 0
127 1.461500e+003 6.870000e+002 -3 -3 7 4 0 28 0 1 0 0 0 0 1 1
127 0
128 3.568500e+003 3.020000e+002 -3 -4 3 4 0 12 0 1 0 0 0 0 1 1
128 0
129 2.825500e+003 7.830000e+002 -3 -7 5 6 0 30 0 1 0 0 0 0 1 1
129 0
130 2.084000e+003 7.685000e+002 -3 -8 2 3 0 6 0 1 0 0 0 0 1 1
130 0
131 3.315000e+003 1.318000e+003 -3 -16 16 6 0 96 0 1 0 0 0 0 1 1
131 0
132 3.199500e+003 7.375000e+002 -3 -16 5 7 0 35 0 1 0 0 0 0 1 1
132 0
133 2.230000e+002 7.030000e+002 -3 -22 2 2 0 4 0 1 0 0 0 0 1 1
133 0
134 1.801000e+003 6.245000e+002 -3 -22 4 3 0 12 0 1 0 0 0 0 1 1
134 0
135 9.480000e+002 4.920000e+002 -2 12 20 16 0 320 0 1 0 0 0 0 1 1
135 0
136 6.460000e+002 1.291000e+003 -2 13 2 2 0 4 0 1 0 0 0 0 1 1
136 0
137 3.219000e+003 1.396000e+003 -2 14 4 4 0 16 0 1 0 0 0 0 1 1
137 0
138 1.202000e+003 3.515000e+002 -2 15 8 13 0 104 0 1 0 0 0 0 1 1
138 0
139 3.258000e+003 5.180000e+002 -2 18 2 2 0 4 0 1 0 0 0 0 1 1
139 0
140 3.514500e+003 9.215000e+002 -2 19 3 3 0 9 0 1 0 0 0 0 1 1
140 0
141 1.213000e+003 7.455000e+002 -2 20 4 5 0 20 0 1 0 0 0 0 1 1
141 0
142 1.950000e+002 5.760000e+002 -2 20 2 2 0 4 0 1 0 0 0 0 1 1
142 0
143 1.555000e+002 1.265000e+003 -2 21 5 4 0 20 0 1 0 0 0 0 1 1
143 0
144 3.554000e+003 1.171000e+003 -2 21 6 8 0 48 0 1 0 0 0 0 1 1
144 0
145 3.159500e+003 1.178500e+003 -2 23 79 75 0 5925 0 1 0 0 0 0 1 1
145 0
146 3.424500e+003 6.150000e+002 -2 8 13 10 0 130 0 1 0 0 0 0 1 1
146 0
147 2.616500e+003 1.255500e+003 -2 6 7 7 0 49 0 1 0 0 0 0 1 1
147 0
148 1.361000e+003 1.129500e+003 -2 0 4 11 0 44 0 1 0 0 0 0 1 1
148 0
149 2.080000e+003 3.380000e+002 -2 -2 6 4 0 24 0 1 0 0 0 0 1 1
149 0
150 3.712000e+003 7.100000e+002 -2 -5 10 8 0 80 0 1 0 0 0 0 1 1
150 0
151 3.285000e+002 1.570500e+003 -2 -8 19 21 0 399 0 1 0 0 0 0 1 1
151 0
152 2.186500e+003 1.025000e+002 -2 -8 11 15 0 165 0 1 0 0 0 0 1 1
152 0
153 2.272500e+003 1.488500e+003 -2 -13 21 21 0 441 0 1 0 0 0 0 1 1
153 0
154 1.308000e+003 9.440000e+002 -2 -15 4 4 0 16 0 1 0 0 0 0 1 1
154 0
155 1.112500e+003 4.170000e+002 -2 -16 13 12 0 156 0 1 0 0 0 0 1 1
155 0
156 6.705000e+002 1.260500e+003 -2 -18 3 3 0 9 0 1 0 0 0 0 1 1
156 0
157 2.465000e+003 1.920000e+002 -2 -20 10 6 0 60 0 1 0 0 0 0 1 1
157 0
158 7.370000e+002 6.450000e+001 -2 -21 8 3 0 24 0 1 0 0 0 0 1 1
158 0
159 2.864500e+003 4.135000e+002 -2 -22 7 5 0 35 0 1 0 0 0 0 1 1
159 0
160 1.231000e+003 1.322000e+003 -2 -23 10 12 0 120 0 1 0 0 0 0 1 1
160 0
161 3.709000e+003 1.604500e+003 -1 11 12 13 0 156 0 1 0 0 0 0 1 1
161 0
162 2.695000e+003 4.170000e+002 -1 11 2 2 0 4 0 1 0 0 0 0 1 1
162 0
163 1.339500e+003 1.333500e+003 -1 13 3 3 0 9 0 1 0 0 0 0 1 1
163 0
164 1.253000e+003 1.054000e+003 -1 17 14 14 0 196 0 1 0 0 0 0 1 1
164 0
165 2.712000e+003 5.385000e+002 -1 17 4 3 0 12 0 1 0 0 0 0 1 1
165 0
166 2.078000e+003 4.590000e+002 -1 18 2 4 0 8 0 1 0 0 0 0 1 1
166 0
167 8.575000e+002 1.500000e+003 -1 19 11 8 0 88 0 1 0 0 0 0 1 1
167 0
168 6.785000e+002 1.382000e+003 -1 20 31 34 0 1054 0 1 0 0 0 0 1 1
168 0
169 3.459000e+003 4.015000e+002 -1 20 28 67 0 1876 0 1 0 0 0 0 1 1
169 0
170 3.047000e+003 7.535000e+002 -1 22 40 37 0 1480 0 1 0 0 0 0 1 1
170 0
171 3.695000e+002 8.200000e+001 -1 23 7 4 0 28 0 1 0 0 0 0 1 1
171 0
172 2.182000e+003 1.220500e+003 -1 24 4 3 0 12 0 1 0 0 0 0 1 1
172 0
173 5.125000e+002 4.665000e+002 -1 8 7 5 0 35 0 1 0 0 0 0 1 1
173 0
174 1.464000e+003 2.005000e+002 -1 7 2 3 0 6 0 1 0 0 0 0 1 1
174 0
175 1.499500e+003 7.255000e+002 -1 6 45 73 0 3285 0 1 0 0 0 0 1 1
175 0
176 1.836000e+003 1.067500e+003 -1 4 4 3 0 12 0 1 0 0 0 0 1 1
176 0
177 1.533000e+003 1.418500e+003 -1 -1 4 5 0 20 0 1 0 0 0 0 1 1
177 0
178 1.190000e+003 3.040000e+002 -1 -2 10 12 0 120 0 1 0 0 0 0 1 1
178 0
179 8.850000e+002 5.635000e+002 -1 -3 2 3 0 6 0 1 0 0 0 0 1 1
179 0
180 1.553000e+003 1.425000e+002 -1 -6 8 5 0 40 0 1 0 0 0 0 1 1
180 0
181 2.155500e+003 9.580000e+002 -1 -9 7 6 0 42 0 1 0 0 0 0 1 1
181 0
182 2.815000e+003 1.255000e+003 -1 -12 14 16 0 224 0 1 0 0 0 0 1 1
182 0
183 3.114000e+003 9.565000e+002 -1 -15 4 5 0 20 0 1 0 0 0 0 1 1
183 0
184 2.086500e+003 1.386500e+003 -1 -17 5 5 0 25 0 1 0 0 0 0 1 1
184 0
185 2.130000e+002 3.130000e+002 -1 -17 8 8 0 64 0 1 0 0 0 0 1 1
185 0
186 2.424000e+003 1.371000e+003 -1 -20 2 2 0 4 0 1 0 0 0 0 1 1
186 0
187 3.678500e+003 4.225000e+002 -1 -20 21 19 0 399 0 1 0 0 0 0 1 1
187 0
188 7.490000e+002 1.386500e+003 -1 -21 14 13 0 182 0 1 0 0 0 0 1 1
188 0
189 2.094500e+003 1.442500e+003 -1 -22 21 21 0 441 0 1 0 0 0 0 1 1
189 0
190 1.045000e+003 1.419000e+003 -1 -22 4 4 0 16 0 1 0 0 0 0 1 1
190 0
191 3.690500e+003 1.715000e+002 -1 -22 9 3 0 27 0 1 0 0 0 0 1 1
191 0
192 2.650000e+003 9.275000e+002 0 9 4 3 0 12 0 1 0 0 0 0 1 1
192 0
193 2.060000e+002 6.270000e+002 0 10 2 2 0 4 0 1 0 0 0 0 1 1
193 0
194 1.466500e+003 5.850000e+002 0 10 15 10 0 150 0 1 0 0 0 0 1 1
194 0
195 1.231000e+003 3.320000e+002 0 10 2 2 0 4 0 1 0 0 0 0 1 1
195 0
196 8.885000e+002 1.342000e+003 0 12 9 6 0 54 0 1 0 0 0 0 1 1
196 0
197 4.820000e+002 9.800000e+002 0 13 6 6 0 36 0 1 0 0 0 0 1 1
197 0
198 1.017000e+003 1.870000e+002 0 15 2 2 0 4 0 1 0 0 0 0 1 1
198 0
199 7.060000e+002 1.148000e+003 0 16 4 2 0 8 0 1 0 0 0 0 1 1
199 0
200 1.398000e+003 1.130000e+002 0 17 6 4 0 24 0 1 0 0 0 0 1 1
200 0
201 3.003500e+003 2.140000e+002 0 20 3 8 0 24 0 1 0 0 0 0 1 1
201 0
202 8.090000e+002 6.375000e+002 0 23 4 3 0 12 0 1 0 0 0 0 1 1
202 0
203 3.094500e+003 9.700000e+002 0 8 7 8 0 56 0 1 0 0 0 0 1 1
203 0
204 1.075000e+003 3.785000e+002 0 5 10 7 0 70 0 1 0 0 0 0 1 1
204 0
205 2.477500e+003 8.620000e+002 0 3 3 2 0 6 0 1 0 0 0 0 1 1
205 0
206 1.230000e+003 5.180000e+002 0 0 4 4 0 16 0 1 0 0 0 0 1 1
206 0
207 1.517000e+003 7.350000e+001 0 -5 4 5 0 20 0 1 0 0 0 0 1 1
207 0
208 2.366500e+003 2.885000e+002 0 -17 21 21 0 441 0 1 0 0 0 0 1 1
208 0
209 2.576500e+003 8.855000e+002 0 -18 3 3 0 9 0 1 0 0 0 0 1 1
209 0
210 1.469500e+003 1.292000e+003 0 -20 23 22 0 506 0 1 0 0 0 0 1 1
210 0
211 2.712000e+003 1.023000e+003 0 -20 2 2 0 4 0 1 0 0 0 0 1 1
211 0
212 2.263000e+003 8.895000e+002 0 -22 4 11 0 44 0 1 0 0 0 0 1 1
212 0
213 1.226500e+003 7.100000e+001 1 9 11 12 0 132 0 1 0 0 0 0 1 1
213 0
214 3.404000e+003 1.710000e+002 1 11 14 10 0 140 0 1 0 0 0 0 1 1
214 0
215 2.954000e+003 8.090000e+002 1 14 4 2 0 8 0 1 0 0 0 0 1 1
215 0
216 2.922500e+003 7.640000e+002 1 14 9 8 0 72 0 1 0 0 0 0 1 1
216 0
217 3.011500e+003 1.169000e+003 1 15 25 16 0 400 0 1 0 0 0 0 1 1
217 0
218 2.739500e+003 2.250000e+002 1 21 9 8 0 72 0 1 0 0 0 0 1 1
218 0
219 1.434500e+003 1.050000e+002 1 21 37 84 0 3108 0 1 0 0 0 0 1 1
219 0
220 9.155000e+002 8.190000e+002 1 24 9 10 0 90 0 1 0 0 0 0 1 1
220 0
221 3.445000e+003 7.650000e+002 1 24 4 2 0 8 0 1 0 0 0 0 1 1
221 0
222 3.553500e+003 8.950000e+001 1 8 9 5 0 45 0 1 0 0 0 0 1 1
222 0
223 1.704000e+003 1.242000e+003 1 5 6 6 0 36 0 1 0 0 0 0 1 1
223 0
224 1.193000e+003 1.477500e+003 1 3 38 25 0 950 0 1 0 0 0 0 1 1
224 0
225 7.190000e+002 4.610000e+002 1 3 8 4 0 32 0 1 0 0 0 0 1 1
225 0
226 8.365000e+002 6.745000e+002 1 2 5 5 0 25 0 1 0 0 0 0 1 1
226 0
227 1.411500e+003 3.450000e+002 1 -4 3 4 0 12 0 1 0 0 0 0 1 1
227 0
228 1.145000e+003 1.565500e+003 1 -8 12 5 0 60 0 1 0 0 0 0 1 1
228 0
229 2.823000e+003 9.790000e+002 1 -8 4 2 0 8 0 1 0 0 0 0 1 1
229 0
230 3.303500e+003 6.400000e+002 1 -10 5 2 0 10 0 1 0 0 0 0 1 1
230 0
231 2.696000e+003 3.235000e+002 1 -17 6 9 0 54 0 1 0 0 0 0 1 1
231 0
232 3.792500e+003 1.420000e+003 1 -20 3 2 0 6 0 1 0 0 0 0 1 1
232 0
233 2.988000e+003 1.348000e+003 1 -20 8 8 0 64 0 1 0 0 0 0 1 1
233 0
234 1.364000e+003 8.850000e+002 1 -21 4 8 0 32 0 1 0 0 0 0 1 1
234 0
235 6.415000e+002 3.795000e+002 1 -21 5 7 0 35 0 1 0 0 0 0 1 1
235 0
236 2.137000e+003 1.262500e+003 1 -22 2 3 0 6 0 1 0 0 0 0 1 1
236 0
237 2.129000e+003 2.590000e+002 2 11 2 2 0 4 0 1 0 0 0 0 1 1
237 0
238 3.669000e+003 1.387000e+003 2 12 10 18 0 180 0 1 0 0 0 0 1 1
238 0
239 3.508000e+003 6.070000e+002 2 13 2 2 0 4 0 1 0 0 0 0 1 1
239 0
240 3.281000e+003 1.975000e+002 2 13 8 7 0 56 0 1 0 0 0 0 1 1
240 0
241 3.350000e+002 1.295000e+003 2 18 2 2 0 4 0 1 0 0 0 0 1 1
241 0
242 3.437500e+003 2.135000e+002 2 20 5 3 0 15 0 1 0 0 0 0 1 1
242 0
243 2.688000e+003 1.076000e+003 2 21 2 2 0 4 0 1 0 0 0 0 1 1
243 0
244 1.531500e+003 1.037500e+003 2 22 3 3 0 9 0 1 0 0 0 0 1 1
244 0
245 2.220000e+003 7.790000e+002 2 22 2 2 0 4 0 1 0 0 0 0 1 1
245 0
246 3.409000e+003 5.470000e+002 2 22 4 6 0 24 0 1 0 0 0 0 1 1
246 0
247 1.795000e+002 5.195000e+002 2 22 9 5 0 45 0 1 0 0 0 0 1 1
247 0
248 2.595000e+003 8.015000e+002 2 23 14 11 0 154 0 1 0 0 0 0 1 1
248 0
249 3.210000e+003 1.624000e+003 2 24 2 2 0 4 0 1 0 0 0 0 1 1
249 0
250 2.988500e+003 2.210000e+002 2 24 7 8 0 56 0 1 0 0 0 0 1 1
250 0
251 2.296000e+003 1.240000e+003 2 8 4 4 0 16 0 1 0 0 0 0 1 1
251 0
252 3.024500e+003 2.330000e+002 2 8 3 6 0 18 0 1 0 0 0 0 1 1
252 0
253 2.447000e+003 1.547000e+003 2 7 4 4 0 16 0 1 0 0 0 0 1 1
253 0
254 5.295000e+002 1.526500e+003 2 7 9 13 0 117 0 1 0 0 0 0 1 1
254 0
255 1.368500e+003 1.438500e+003 2 7 3 3 0 9 0 1 0 0 0 0 1 1
255 0
256 1.643500e+003 1.589500e+003 2 6 13 17 0 221 0 1 0 0 0 0 1 1
256 0
257 2.298500e+003 2.085000e+002 2 6 7 5 0 35 0 1 0 0 0 0 1 1
257 0
258 1.015000e+003 1.477500e+003 2 -1 4 3 0 12 0 1 0 0 0 0 1 1
258 0
259 1.520500e+003 9.190000e+002 2 -1 3 8 0 24 0 1 0 0 0 0 1 1
259 0
260 6.205000e+002 7.870000e+002 2 -2 5 8 0 40 0 1 0 0 0 0 1 1
260 0
261 8.165000e+002 1.623000e+003 2 -6 5 4 0 20 0 1 0 0 0 0 1 1
261 0
262 3.826000e+003 1.596000e+003 2 -6 6 6 0 36 0 1 0 0 0 0 1 1
262 0
263 3.301000e+003 1.343500e+003 2 -6 2 3 0 6 0 1 0 0 0 0 1 1
263 0
264 1.278500e+003 1.123000e+003 2 -6 5 4 0 20 0 1 0 0 0 0 1 1
264 0
265 3.817500e+003 1.164500e+003 2 -11 3 3 0 9 0 1 0 0 0 0 1 1
265 0
266 3.310500e+003 3.785000e+002 2 -11 3 3 0 9 0 1 0 0 0 0 1 1
266 0
267 3.607500e+003 5.605000e+002 2 -12 3 3 0 9 0 1 0 0 0 0 1 1
267 0
268 7.105000e+002 4.320000e+002 2 -12 3 2 0 6 0 1 0 0 0 0 1 1
268 0
269 2.272500e+003 5.780000e+002 2 -14 3 4 0 12 0 1 0 0 0 0 1 1
269 0
270 3.257000e+003 8.020000e+002 2 -15 10 12 0 120 0 1 0 0 0 0 1 1
270 0
271 2.765000e+003 1.162500e+003 2 -20 4 3 0 12 0 1 0 0 0 0 1 1
271 0
272 3.070000e+003 5.360000e+002 2 -23 10 10 0 100 0 1 0 0 0 0 1 1
272 0
273 3.615000e+003 3.525000e+002 2 -24 6 7 0 42 0 1 0 0 0 0 1 1
273 0
274 2.343000e+003 2.640000e+002 2 -25 2 2 0 4 0 1 0 0 0 0 1 1
274 0
275 2.639000e+003 2.905000e+002 3 9 4 9 0 36 0 1 0 0 0 0 1 1
275 0
276 7.165000e+002 1.114500e+003 3 10 3 3 0 9 0 1 0 0 0 0 1 1
276 0
277 1.545000e+002 1.470500e+003 3 11 7 5 0 35 0 1 0 0 0 0 1 1
277 0
278 2.225500e+003 1.103500e+003 3 11 3 3 0 9 0 1 0 0 0 0 1 1
278 0
279 1.531500e+003 2.515000e+002 3 14 3 3 0 9 0 1 0 0 0 0 1 1
279 0
280 2.922500e+003 1.307500e+003 3 17 7 5 0 35 0 1 0 0 0 0 1 1
280 0
281 1.723500e+003 6.300000e+002 3 19 5 2 0 10 0 1 0 0 0 0 1 1
281 0
282 2.796500e+003 5.880000e+002 3 22 73 52 0 3796 0 1 0 0 0 0 1 1
282 0
283 3.332000e+003 1.262500e+003 3 23 2 3 0 6 0 1 0 0 0 0 1 1
283 0
284 1.007500e+003 2.440000e+002 3 7 5 4 0 20 0 1 0 0 0 0 1 1
284 0
285 2.530000e+003 1.256500e+003 3 5 10 57 0 570 0 1 0 0 0 0 1 1
285 0
286 3.767500e+003 1.072500e+003 3 3 3 3 0 9 0 1 0 0 0 0 1 1
286 0
287 2.918000e+003 9.715000e+002 3 -2 16 15 0 240 0 1 0 0 0 0 1 1
287 0
288 1.975000e+002 1.330000e+002 3 -2 3 2 0 6 0 1 0 0 0 0 1 1
288 0
289 2.379000e+003 8.045000e+002 3 -4 14 11 0 154 0 1 0 0 0 0 1 1
289 0
290 2.451500e+003 1.232500e+003 3 -8 3 5 0 15 0 1 0 0 0 0 1 1
290 0
291 1.745500e+003 6.035000e+002 3 -8 9 15 0 135 0 1 0 0 0 0 1 1
291 0
292 2.980000e+003 5.560000e+002 3 -9 2 4 0 8 0 1 0 0 0 0 1 1
292 0
293 4.245000e+002 4.330000e+002 3 -9 5 8 0 40 0 1 0 0 0 0 1 1
293 0
294 1.545000e+003 7.435000e+002 3 -10 10 7 0 70 0 1 0 0 0 0 1 1
294 0
295 3.230500e+003 5.140000e+002 3 -10 3 4 0 12 0 1 0 0 0 0 1 1
295 0
296 2.398000e+003 4.490000e+002 3 -14 2 2 0 4 0 1 0 0 0 0 1 1
296 0
297 2.156000e+003 5.030000e+002 3 -19 2 2 0 4 0 1 0 0 0 0 1 1
297 0
298 1.195000e+002 7.950000e+001 3 -20 5 5 0 25 0 1 0 0 0 0 1 1
298 0
299 2.098500e+003 1.366000e+003 3 -21 3 6 0 18 0 1 0 0 0 0 1 1
299 0
300 2.275500e+003 2.105000e+002 3 -24 7 5 0 35 0 1 0 0 0 0 1 1
300 0
301 3.615000e+003 1.517000e+003 4 9 4 4 0 16 0 1 0 0 0 0 1 1
301 0
302 2.236000e+003 1.303000e+003 4 9 4 4 0 16 0 1 0 0 0 0 1 1
302 0
303 2.164000e+003 8.980000e+002 4 10 2 2 0 4 0 1 0 0 0 0 1 1
303 0
304 2.727000e+003 4.120000e+002 4 10 4 4 0 16 0 1 0 0 0 0 1 1
304 0
305 2.484500e+003 1.449500e+003 4 12 7 5 0 35 0 1 0 0 0 0 1 1
305 0
306 8.160000e+002 9.170000e+002 4 12 6 6 0 36 0 1 0 0 0 0 1 1
306 0
307 9.705000e+002 1.016000e+003 4 13 49 48 0 2352 0 1 0 0 0 0 1 1
307 0
308 3.275000e+003 4.750000e+002 4 14 8 10 0 80 0 1 0 0 0 0 1 1
308 0
309 5.925000e+002 1.179000e+003 4 16 3 4 0 12 0 1 0 0 0 0 1 1
309 0
310 6.340000e+002 1.053000e+003 4 18 2 2 0 4 0 1 0 0 0 0 1 1
310 0
311 3.206000e+003 8.300000e+002 4 21 20 18 0 360 0 1 0 0 0 0 1 1
311 0
312 2.195500e+003 3.835000e+002 4 22 3 3 0 9 0 1 0 0 0 0 1 1
312 0
313 2.520000e+003 7.440000e+002 4 6 16 20 0 320 0 1 0 0 0 0 1 1
313 0
314 3.233000e+003 7.305000e+002 4 5 4 5 0 20 0 1 0 0 0 0 1 1
314 0
315 2.867500e+003 1.526500e+003 4 3 5 5 0 25 0 1 0 0 0 0 1 1
315 0
316 1.367500e+003 4.795000e+002 4 3 11 7 0 77 0 1 0 0 0 0 1 1
316 0
317 2.861000e+003 9.465000e+002 4 0 4 3 0 12 0 1 0 0 0 0 1 1
317 0
318 1.607000e+003 7.850000e+002 4 -1 6 12 0 72 0 1 0 0 0 0 1 1
318 0
319 2.635500e+003 9.150000e+001 4 -2 5 5 0 25 0 1 0 0 0 0 1 1
319 0
320 1.475500e+003 9.160000e+002 4 -6 3 4 0 12 0 1 0 0 0 0 1 1
320 0
321 2.172000e+003 3.840000e+002 4 -8 4 4 0 16 0 1 0 0 0 0 1 1
321 0
322 3.750500e+003 1.427500e+003 4 -9 5 11 0 55 0 1 0 0 0 0 1 1
322 0
323 3.282500e+003 1.795000e+002 4 -14 5 5 0 25 0 1 0 0 0 0 1 1
323 0
324 3.645000e+003 8.575000e+002 4 -16 4 3 0 12 0 1 0 0 0 0 1 1
324 0
325 2.903000e+003 1.205000e+003 4 -19 2 2 0 4 0 1 0 0 0 0 1 1
325 0
326 1.094000e+003 1.094000e+003 4 -20 2 2 0 4 0 1 0 0 0 0 1 1
326 0
327 2.274500e+003 4.610000e+002 4 -21 3 2 0 6 0 1 0 0 0 0 1 1
327 0
328 1.499000e+003 1.139000e+003 4 -23 4 6 0 24 0 1 0 0 0 0 1 1
328 0
329 1.683500e+003 8.385000e+002 4 -24 7 5 0 35 0 1 0 0 0 0 1 1
329 0
330 2.966500e+003 9.820000e+002 5 9 3 4 0 12 0 1 0 0 0 0 1 1
330 0
331 1.204000e+003 5.240000e+002 5 9 22 36 0 792 0 1 0 0 0 0 1 1
331 0
332 3.530000e+003 1.600500e+003 5 10 8 7 0 56 0 1 0 0 0 0 1 1
332 0
333 3.400000e+003 7.090000e+002 5 11 4 6 0 24 0 1 0 0 0 0 1 1
333 0
334 2.321000e+003 1.481500e+003 5 12 2 3 0 6 0 1 0 0 0 0 1 1
334 0
335 2.755000e+003 1.160500e+003 5 12 48 57 0 2736 0 1 0 0 0 0 1 1
335 0
336 3.488500e+003 3.035000e+002 5 16 5 9 0 45 0 1 0 0 0 0 1 1
336 0
337 3.239000e+003 2.940000e+002 5 16 20 16 0 320 0 1 0 0 0 0 1 1
337 0
338 3.588000e+003 2.840000e+002 5 16 2 2 0 4 0 1 0 0 0 0 1 1
338 0
339 2.759500e+003 7.250000e+002 5 17 15 10 0 150 0 1 0 0 0 0 1 1
339 0
340 2.561000e+003 3.410000e+002 5 17 16 22 0 352 0 1 0 0 0 0 1 1
340 0
341 3.238000e+003 1.910000e+002 5 18 6 4 0 24 0 1 0 0 0 0 1 1
341 0
342 3.662500e+003 4.990000e+002 5 20 5 4 0 20 0 1 0 0 0 0 1 1
342 0
343 9.720000e+002 5.460000e+002 5 7 2 2 0 4 0 1 0 0 0 0 1 1
343 0
344 1.523000e+003 6.870000e+002 5 6 4 6 0 24 0 1 0 0 0 0 1 1
344 0
345 5.665000e+002 1.087500e+003 5 1 5 5 0 25 0 1 0 0 0 0 1 1
345 0
346 1.230500e+003 6.050000e+002 5 1 5 4 0 20 0 1 0 0 0 0 1 1
346 0
347 1.751500e+003 1.022000e+003 5 -1 13 10 0 130 0 1 0 0 0 0 1 1
347 0
348 6.935000e+002 8.775000e+002 5 -2 15 21 0 315 0 1 0 0 0 0 1 1
348 0
349 5.580000e+002 1.041500e+003 5 -3 12 13 0 156 0 1 0 0 0 0 1 1
349 0
350 1.273500e+003 1.935000e+002 5 -5 5 3 0 15 0 1 0 0 0 0 1 1
350 0
351 1.282000e+003 1.366500e+003 5 -7 6 7 0 42 0 1 0 0 0 0 1 1
351 0
352 2.225000e+003 1.503500e+003 5 -12 20 21 0 420 0 1 0 0 0 0 1 1
352 0
353 1.489500e+003 1.152500e+003 5 -12 7 11 0 77 0 1 0 0 0 0 1 1
353 0
354 3.765000e+002 1.200000e+003 5 -16 25 24 0 600 0 1 0 0 0 0 1 1
354 0
355 2.772500e+003 3.175000e+002 5 -16 5 7 0 35 0 1 0 0 0 0 1 1
355 0
356 3.387500e+003 1.145000e+003 5 -18 3 4 0 12 0 1 0 0 0 0 1 1
356 0
357 1.840000e+003 3.220000e+002 5 -18 6 8 0 48 0 1 0 0 0 0 1 1
357 0
358 3.475000e+003 1.105000e+003 5 -19 8 8 0 64 0 1 0 0 0 0 1 1
358 0
359 3.775000e+002 4.965000e+002 5 -19 11 7 0 77 0 1 0 0 0 0 1 1
359 0
360 2.263500e+003 2.255000e+002 5 -19 13 15 0 195 0 1 0 0 0 0 1 1
360 0
361 1.337500e+003 1.225000e+002 5 -19 19 21 0 399 0 1 0 0 0 0 1 1
361 0
362 3.197500e+003 1.559500e+003 5 -21 3 3 0 9 0 1 0 0 0 0 1 1
362 0
363 3.460500e+003 1.379000e+003 5 -21 5 4 0 20 0 1 0 0 0 0 1 1
363 0
364 1.671500e+003 6.625000e+002 5 -21 23 23 0 529 0 1 0 0 0 0 1 1
364 0
365 1.118000e+003 1.619000e+003 6 10 4 6 0 24 0 1 0 0 0 0 1 1
365 0
366 9.815000e+002 4.640000e+002 6 11 17 12 0 204 0 1 0 0 0 0 1 1
366 0
367 9.855000e+002 4.270000e+002 6 13 5 6 0 30 0 1 0 0 0 0 1 1
367 0
368 3.178500e+003 7.295000e+002 6 14 3 3 0 9 0 1 0 0 0 0 1 1
368 0
369 1.425500e+003 2.565000e+002 6 14 5 5 0 25 0 1 0 0 0 0 1 1
369 0
370 2.672000e+003 1.625000e+003 6 17 2 2 0 4 0 1 0 0 0 0 1 1
370 0
371 2.443500e+003 1.043500e+003 6 17 7 7 0 49 0 1 0 0 0 0 1 1
371 0
372 2.888500e+003 1.530500e+003 6 20 5 3 0 15 0 1 0 0 0 0 1 1
372 0
373 3.604000e+003 1.572000e+003 6 2 2 2 0 4 0 1 0 0 0 0 1 1
373 0
374 1.077500e+003 1.435500e+003 6 1 9 9 0 81 0 1 0 0 0 0 1 1
374 0
375 2.339500e+003 6.915000e+002 6 1 5 7 0 35 0 1 0 0 0 0 1 1
375 0
376 1.674000e+003 1.232500e+003 6 -2 2 3 0 6 0 1 0 0 0 0 1 1
376 0
377 2.218500e+003 1.186500e+003 6 -2 5 5 0 25 0 1 0 0 0 0 1 1
377 0
378 2.692000e+003 4.140000e+002 6 -2 2 4 0 8 0 1 0 0 0 0 1 1
378 0
379 1.097000e+003 5.415000e+002 6 -3 2 3 0 6 0 1 0 0 0 0 1 1
379 0
380 1.204000e+003 3.800000e+002 6 -4 4 4 0 16 0 1 0 0 0 0 1 1
380 0
381 2.305000e+003 1.368500e+003 6 -7 16 15 0 240 0 1 0 0 0 0 1 1
381 0
382 8.125000e+002 3.230000e+002 6 -9 7 4 0 28 0 1 0 0 0 0 1 1
382 0
383 7.430000e+002 2.640000e+002 6 -10 20 20 0 400 0 1 0 0 0 0 1 1
383 0
384 2.990000e+003 1.580000e+002 6 -11 20 50 0 1000 0 1 0 0 0 0 1 1
384 0
385 1.460000e+003 5.200000e+002 6 -12 20 20 0 400 0 1 0 0 0 0 1 1
385 0
386 1.620500e+003 9.090000e+002 6 -15 9 6 0 54 0 1 0 0 0 0 1 1
386 0
387 2.657500e+003 3.130000e+002 6 -15 7 8 0 56 0 1 0 0 0 0 1 1
387 0
388 3.020000e+003 9.945000e+002 6 -16 10 9 0 90 0 1 0 0 0 0 1 1
388 0
389 8.775000e+002 1.628500e+003 6 -19 5 3 0 15 0 1 0 0 0 0 1 1
389 0
390 2.938000e+003 1.082500e+003 6 -20 4 5 0 20 0 1 0 0 0 0 1 1
390 0
391 1.704500e+003 1.482000e+003 7 9 3 2 0 6 0 1 0 0 0 0 1 1
391 0
392 2.801000e+003 3.690000e+002 7 10 8 6 0 48 0 1 0 0 0 0 1 1
392 0
393 2.775000e+002 1.201500e+003 7 12 5 5 0 25 0 1 0 0 0 0 1 1
393 0
394 5.105000e+002 1.226500e+003 7 15 7 7 0 49 0 1 0 0 0 0 1 1
394 0
395 7.525000e+002 3.855000e+002 7 15 3 3 0 9 0 1 0 0 0 0 1 1
395 0
396 5.650000e+002 1.282500e+003 7 17 22 25 0 550 0 1 0 0 0 0 1 1
396 0
397 3.175000e+002 1.559500e+003 7 18 23 19 0 437 0 1 0 0 0 0 1 1
397 0
398 2.802500e+003 1.490000e+003 7 8 9 4 0 36 0 1 0 0 0 0 1 1
398 0
399 1.290000e+003 8.960000e+002 7 6 18 16 0 288 0 1 0 0 0 0 1 1
399 0
400 2.957000e+003 8.750000e+001 7 6 6 5 0 30 0 1 0 0 0 0 1 1
400 0
401 3.563500e+003 1.412500e+003 7 5 13 17 0 221 0 1 0 0 0 0 1 1
401 0
402 3.081000e+003 9.170000e+002 7 4 2 2 0 4 0 1 0 0 0 0 1 1
402 0
403 6.085000e+002 2.525000e+002 7 3 5 5 0 25 0 1 0 0 0 0 1 1
403 0
404 2.513500e+003 1.715000e+002 7 2 5 5 0 25 0 1 0 0 0 0 1 1
404 0
405 1.597000e+003 9.115000e+002 7 1 4 3 0 12 0 1 0 0 0 0 1 1
405 0
406 5.655000e+002 5.615000e+002 7 1 3 3 0 9 0 1 0 0 0 0 1 1
406 0
407 3.142000e+003 1.305000e+002 7 -1 10 9 0 90 0 1 0 0 0 0 1 1
407 0
408 3.250000e+003 1.269500e+003 7 -3 2 3 0 6 0 1 0 0 0 0 1 1
408 0
409 3.834500e+003 5.850000e+002 7 -3 9 6 0 54 0 1 0 0 0 0 1 1
409 0
410 3.711500e+003 4.135000e+002 7 -7 49 37 0 1813 0 1 0 0 0 0 1 1
410 0
411 2.062000e+003 1.112000e+003 7 -9 16 16 0 256 0 1 0 0 0 0 1 1
411 0
412 2.879500e+003 1.616000e+003 7 -11 5 4 0 20 0 1 0 0 0 0 1 1
412 0
413 1.047500e+003 1.488500e+003 7 -13 11 7 0 77 0 1 0 0 0 0 1 1
413 0
414 6.145000e+002 4.895000e+002 7 -13 5 5 0 25 0 1 0 0 0 0 1 1
414 0
415 3.423500e+003 1.553000e+003 7 -15 9 8 0 72 0 1 0 0 0 0 1 1
415 0
416 3.761500e+003 1.212000e+003 7 -15 7 4 0 28 0 1 0 0 0 0 1 1
416 0
417 1.287000e+003 8.695000e+002 7 -16 12 7 0 84 0 1 0 0 0 0 1 1
417 0
418 1.111500e+003 1.600000e+002 7 -16 5 6 0 30 0 1 0 0 0 0 1 1
418 0
419 2.105000e+003 1.163000e+003 7 -18 2 2 0 4 0 1 0 0 0 0 1 1
419 0
420 1.872000e+003 7.425000e+002 7 -19 4 3 0 12 0 1 0 0 0 0 1 1
420 0
421 1.516500e+003 3.915000e+002 7 -19 5 11 0 55 0 1 0 0 0 0 1 1
421 0
422 2.903000e+003 1.054500e+003 8 10 18 43 0 774 0 1 0 0 0 0 1 1
422 0
423 2.719500e+003 1.369500e+003 8 11 3 3 0 9 0 1 0 0 0 0 1 1
423 0
424 3.706000e+003 1.187000e+003 8 13 14 16 0 224 0 1 0 0 0 0 1 1
424 0
425 1.268000e+003 1.262500e+003 8 14 14 11 0 154 0 1 0 0 0 0 1 1
425 0
426 1.009000e+003 7.405000e+002 8 15 6 15 0 90 0 1 0 0 0 0 1 1
426 0
427 1.122500e+003 1.603000e+003 8 8 7 14 0 98 0 1 0 0 0 0 1 1
427 0
428 3.425000e+003 9.615000e+002 8 3 6 9 0 54 0 1 0 0 0 0 1 1
428 0
429 1.656500e+003 1.628500e+003 8 0 5 3 0 15 0 1 0 0 0 0 1 1
429 0
430 1.640500e+003 1.245000e+003 8 -2 3 4 0 12 0 1 0 0 0 0 1 1
430 0
431 2.597000e+003 1.523000e+003 8 -5 12 12 0 144 0 1 0 0 0 0 1 1
431 0
432 1.788000e+003 7.270000e+002 8 -5 6 4 0 24 0 1 0 0 0 0 1 1
432 0
433 2.817000e+003 9.950000e+001 8 -7 4 7 0 28 0 1 0 0 0 0 1 1
433 0
434 2.980500e+003 1.450500e+003 8 -14 7 9 0 63 0 1 0 0 0 0 1 1
434 0
435 1.666000e+003 3.455000e+002 8 -15 4 7 0 28 0 1 0 0 0 0 1 1
435 0
436 2.613000e+003 9.335000e+002 9 10 8 7 0 56 0 1 0 0 0 0 1 1
436 0
437 1.770000e+003 1.406000e+003 9 4 4 4 0 16 0 1 0 0 0 0 1 1
437 0
438 2.696500e+003 2.365000e+002 9 4 7 7 0 49 0 1 0 0 0 0 1 1
438 0
439 1.383000e+003 9.090000e+002 9 0 12 14 0 168 0 1 0 0 0 0 1 1
439 0
440 1.033000e+003 7.935000e+002 9 0 6 7 0 42 0 1 0 0 0 0 1 1
440 0
441 1.691500e+003 6.315000e+002 9 -1 5 7 0 35 0 1 0 0 0 0 1 1
441 0
442 2.839000e+003 3.290000e+002 9 -1 2 2 0 4 0 1 0 0 0 0 1 1
442 0
443 1.332000e+003 4.070000e+002 9 -5 4 4 0 16 0 1 0 0 0 0 1 1
443 0
444 3.244000e+003 2.390000e+002 9 -9 16 16 0 256 0 1 0 0 0 0 1 1
444 0
445 3.148500e+003 3.655000e+002 9 -10 3 3 0 9 0 1 0 0 0 0 1 1
445 0
446 1.085000e+003 9.990000e+002 9 -11 4 4 0 16 0 1 0 0 0 0 1 1
446 0
447 6.750000e+002 1.310000e+002 9 -11 10 6 0 60 0 1 0 0 0 0 1 1
447 0
448 9.760000e+002 7.400000e+002 9 -13 4 2 0 8 0 1 0 0 0 0 1 1
448 0
449 3.640000e+003 5.740000e+002 9 -13 6 6 0 36 0 1 0 0 0 0 1 1
449 0
450 3.119500e+003 1.625500e+003 10 6 11 7 0 77 0 1 0 0 0 0 1 1
450 0
451 4.715000e+002 4.220000e+002 10 5 19 22 0 418 0 1 0 0 0 0 1 1
451 0
452 5.620000e+002 5.430000e+002 10 -1 2 2 0 4 0 1 0 0 0 0 1 1
452 0
453 3.827500e+003 6.545000e+002 10 -3 3 3 0 9 0 1 0 0 0 0 1 1
453 0;
SummarySpec 5 TESTNO NDEFECT DEFDENSITY NDIE NDEFDIE;
SummaryList
1 453 1 784 0;
EndOfFile;